199
200
201
202
206
207
208
210
211
212
213
680
681
682
683
684
685
687
688
689
690
691
692
693
694
695
696
697
699
700
701
702
703
704
706
822
823
824
827
828
830
831
832
833
835
836
837
1882
1883
1884
1885
1886
1887
1888
1889
1891
1892
2010
2012
2014
2016
2017
2018
2019
2020
2021
2022
2023
2024
2025
2026
2028
2029
2030
2032
2033
2034
2035
2036
2037
2344
2347
2348
2349
2350
2351
2352
2353
2354
2355
2365
2366
2367
2368
2369
2374
2375
2378
2379
2380
2503
2505
2506
2507
2508
2510
2511
2512
2513
2514
2515
2516
2517
2518
2519
2531
2532
2533
2534
2535
2537
2538
2541
2542
2544
2560
2561
2562
2563
2565
2566
2569
2570
2572
2573
2574
2575
3025
3026
3027
3028
3029
3030
3031
3032
3033
3034
3124
3125
3126
3127
3128
3129
3130
3131
3132
3135
3348
3349
3351
3352
3355
3357
3358
3361
3362
3363
3364
3409
3411
3412
3414
3415
3416
3417
3418
3419
3420
3421
3422
3423
3424
3453
3454
3455
3456
3458
3459
3460
3461
3462
3464
3465
3466
3468
3470
3488
3489
3490
3491
3492
3493
3494
3495
3496
3497
3498
3748
3749
3750
3751
3752
3753
3755
3756
3758
3759
3760
3876
3877
3879
3880
3881
3882
3884
3887
3889
3890
4065
4066
4067
4068
4070
4071
4072
4073
4074
4076
4077
4078
4079
4080
4081
4082
4083
4084
4085
4086
4087
4088
4279
4280
4281
4282
4284
4285
4287
4288
4289
4290
4291
4339
4340
4341
4343
4344
4345
4346
4347
4348
4349
4965
4966
4967
4968
4969
4970
4971
4972
4973
4974
5044
5045
5046
5047
5048
5049
5050
5051
5053
5054
5055
5056
5058
5059
5060
5061
5062
5063
5113
5114
5115
5116
5117
5118
5120
5121
5122
5123
5487
5488
5490
5492
5493
5494
5496
5497
5498
5499
5500
5933
5934
5935
5936
5937
5939
5940
5941
5942
5943
5965
5967
5968
5970
5971
5975
5977
5978
6130
6131
6133
6135
6138
6139
6142
6144
6145
6146
6147
6148
6149
6193
6194
6195
6196
6197
6198
6199
6200
6201
6203
6204
6205
6206
6212
6213
6214
6215
6216
6217
6218
6220
6221
6222
6232
6235
6237
6241
6242
6244
6246
6247
6249
6253
6257
6258
6260
6266
6273
6629
6630
6631
6632
6633
6634
6635
6636
6638
6639
6704
6705
6708
6709
6711
6712
6713
6716
6717
6718
6993
6994
6995
6996
6997
6998
7000
7002
7003
7004
7005
7006
7009
7010
7017
7019
7020
7021
7022
7023
7024
7025
7026
7028
7029
7031
7230
7231
7232
7233
7234
7235
7236
7237
7238
7239
7345
7346
7347
7348
7349
7350
7351
7352
7353
7354
7356
7394
7395
7396
7399
7400
7401
7402
7404
7405
7406
7407
7408
7409
7410
7447
7449
7450
7451
7452
7453
7454
7456
7457
7458
7459
7460
7544
7546
7547
7549
7550
7551
7552
7553
7554
7555
7556
7557
7594
7595
7596
7597
7598
7599
7600
7601
7602
7603
7604
7606
7643
7644
7645
7646
7647
7648
7649
7650
7651
7652
7653
7654
7655
7678
7679
7680
7681
7682
7683
7684
7685
7686
7687
7689
7690
7788
7789
7790
7791
7793
7794
7796
7797
7798
7799
7800
7801
7848
7849
7850
7852
7853
7854
7856
7857
7858
7859
7860
7861
7862
7996
7998
8000
8001
8002
8004
8006
8007
8008
8009
8010
8012
8013
8085
8086
8087
8088
8089
8090
8092
8093
8094
8098
8099
8101
8102
8167
8168
8169
8170
8171
8172
8174
8176
8177
8180
8181
8182
8183
8184
8185
8186
8187
8188
8189
8190
8191
8192
8193
8194
8195
8196
8197
8198
8199
8201
8202
8204
8205
8206
8207
8208
8209
8234
8235
8237
8238
8239
8241
8242
8243
8245
8246
8247
8248
8249
8250
8251
8252
8253
8254
8255
8256
8257
8258
8259
8260
8261
8370
8371
8372
8374
8375
8376
8379
8383
8384
8385
8387
8388
8482
8484
8485
8486
8487
8488
8490
8491
8492
8493
8494
8495
8497
8498
8567
8568
8569
8570
8571
8572
8573
8574
8575
8577
8578
8580
8581
8583
8585
8587
8588
8658
8659
8660
8662
8663
8665
8666
8667
8668
8671
8687
8688
8689
8691
8693
8694
8696
8697
8698
8699
8702
8704
8733
8734
8735
8736
8737
8738
8740
8741
8742
8743
8779
8781
8782
8784
8785
8786
8787
8788
8790
8791
8792
8793
8794
8795
8796
8797
8801
8802
8803
8805
8806
8807
8808
8809
8813
8884
8885
8886
8889
8891
8892
8894
8895
8899
8900
8901
8903
8905
8906
8907
8908
8911
8912
8913
8914
8915
8916
8917
9057
9058
9059
9061
9062
9063
9067
9068
9069
9071
9072
9073
9074
9091
9092
9093
9094
9095
9096
9097
9098
9100
9101
9102
9103
9105
9106
9107
9204
9206
9208
9209
9226
9227
9228
9229
9230
9231
9232
9233
9234
9235
9236
9259
9260
9261
9263
9264
9266
9267
9268
9269
9270
9271
9273
9274
9275
9407
9408
9409
9410
9411
9412
9413
9414
9415
9416
9418
9419
9420
9422
9425
9426
9427
9428
9429
9430
9431
9432
9433
9434
9442
9443
9444
9445
9446
9447
9448
9450
9451
9452
9454
9456
9457
9458
9459
9461
9462
9463
9465
9467
9468
9469
9470
9471
9472
9473
9474
9475
9478
9479
9481
9565
9566
9567
9568
9569
9570
9571
9572
9573
9575
9576
9577
9578
9579
9580
9581
9625
9626
9627
9628
9629
9630
9632
9635
9637
9638
9691
9692
9693
9696
9697
9698
9699
9700
9701
9702
9703
9704
9705
9706
9707
9708
9732
9733
9734
9735
9736
9737
9738
9739
9741
9742
9743
9744
9745
9746
9747
9749
9750
9816
9818
9819
9820
9821
9822
9823
9824
9825
9826
9827
9828
9830
9833
9834
9835
9836
9837
9839
9840
9841
9842
9843
9892
9893
9894
9895
9896
9899
9900
9901
9902
9903
9904
9905
9906
9907
